12 0.06331877729257641 0.49230769230769234 0.12663755458515283 0.3076923076923077
29 0.17685589519650655 0.4153846153846154 0.10043668122270742 0.4307692307692308
6 0.27074235807860264 0.5615384615384615 0.08733624454148471 0.4461538461538462
4 0.35807860262008734 0.4846153846153846 0.08733624454148471 0.2923076923076923
6 0.44541484716157204 0.5615384615384615 0.08733624454148471 0.4461538461538462
2 0.5305676855895196 0.4846153846153846 0.08296943231441048 0.2923076923076923
22 0.6266375545851528 0.49230769230769234 0.1091703056768559 0.3076923076923077
4 0.7248908296943232 0.4846153846153846 0.08733624454148471 0.2923076923076923
7 0.8144104803493449 0.4 0.09170305676855896 0.46153846153846156
2 0.9017467248908297 0.4846153846153846 0.08296943231441048 0.2923076923076923
