12 0.05761316872427984 0.25 0.11522633744855967 0.46296296296296297
0 0.16049382716049382 0.25 0.09053497942386832 0.46296296296296297
19 0.25102880658436216 0.25 0.09053497942386832 0.46296296296296297
17 0.34156378600823045 0.25 0.09053497942386832 0.46296296296296297
8 0.4074074074074074 0.25 0.0411522633744856 0.46296296296296297
12 0.48559670781893005 0.25 0.11522633744855967 0.46296296296296297
14 0.588477366255144 0.3333333333333333 0.09053497942386832 0.6296296296296297
13 0.6790123456790124 0.25 0.09053497942386832 0.46296296296296297
8 0.7448559670781894 0.25 0.0411522633744856 0.46296296296296297
0 0.8106995884773662 0.25 0.09053497942386832 0.46296296296296297
11 0.897119341563786 0.25 0.0823045267489712 0.46296296296296297
