14 0.041935483870967745 0.35135135135135137 0.08387096774193549 0.32432432432432434
20 0.12580645161290321 0.35135135135135137 0.08387096774193549 0.32432432432432434
19 0.1935483870967742 0.3108108108108108 0.06451612903225806 0.40540540540540543
2 0.26129032258064516 0.35135135135135137 0.07096774193548387 0.32432432432432434
17 0.3258064516129032 0.35135135135135137 0.05806451612903226 0.32432432432432434
14 0.3903225806451613 0.35135135135135137 0.08387096774193549 0.32432432432432434
15 0.47419354838709676 0.43243243243243246 0.08387096774193549 0.4864864864864865
15 0.5580645161290323 0.43243243243243246 0.08387096774193549 0.4864864864864865
8 0.6193548387096774 0.2972972972972973 0.03870967741935484 0.43243243243243246
13 0.6806451612903226 0.35135135135135137 0.08387096774193549 0.32432432432432434
6 0.7645161290322581 0.43243243243243246 0.08387096774193549 0.4864864864864865
18 0.8387096774193549 0.35135135135135137 0.06451612903225806 0.32432432432432434
