22 0.06353591160220995 0.3431372549019608 0.1270718232044199 0.21568627450980393
14 0.16574585635359115 0.3431372549019608 0.08839779005524862 0.21568627450980393
17 0.24585635359116023 0.3431372549019608 0.0718232044198895 0.21568627450980393
10 0.3287292817679558 0.2647058823529412 0.09392265193370165 0.37254901960784315
8 0.4005524861878453 0.27450980392156865 0.049723756906077346 0.35294117647058826
13 0.4723756906077348 0.3431372549019608 0.09392265193370165 0.21568627450980393
6 0.5718232044198895 0.4411764705882353 0.10497237569060773 0.4117647058823529
12 0.6961325966850829 0.3431372549019608 0.143646408839779 0.21568627450980393
0 0.8066298342541437 0.3431372549019608 0.07734806629834254 0.21568627450980393
13 0.8922651933701657 0.3431372549019608 0.09392265193370165 0.21568627450980393
