23 0.046413502109704644 0.4726027397260274 0.09282700421940929 0.2602739726027397
31 0.14345991561181434 0.3767123287671233 0.10126582278481013 0.4246575342465753
35 0.2489451476793249 0.3767123287671233 0.10970464135021098 0.4794520547945205
32 0.35232067510548526 0.3767123287671233 0.0970464135021097 0.4520547945205479
20 0.44936708860759494 0.4863013698630137 0.0970464135021097 0.2328767123287671
23 0.5443037974683544 0.4726027397260274 0.09282700421940929 0.2602739726027397
10 0.6329113924050633 0.3835616438356164 0.08438818565400844 0.4657534246575342
24 0.7215189873417721 0.5684931506849316 0.09282700421940929 0.3972602739726027
1 0.8143459915611815 0.3835616438356164 0.09282700421940929 0.4383561643835616
20 0.9092827004219409 0.4863013698630137 0.0970464135021097 0.2328767123287671
